1026
1021
1024
1026
1021
1021
1021
1025
1021
1021
1021
1021
1024
1020
1021
1022
1021
1021
1021
1021
1021
1021
1022
1022
1027
1021
1021
1022
1021
1021
1025
1021
1022
1021
1021
1021
1021
1021
1021
1023
1022
1022
1021
1021
1021
1021
1023
518
518
518
519
519
519
519
519
519
518
519
518
518
518
518
519
518
518
519
519
518
518
518
518
518
518
518
519
519
519
518
518
519
518
519
519
519
518
519
519
518
519
518
519
518
519
519
518
519
519
519
519
519
519
519
519
519
519
518
519
519
2505
240
207
235
261
226
251
205
195
259
226
210
206
235
233
237
206
241
220
223
220
236
209
190
216
267
233
252
222
265
258
212
574
240
207
235
261
226
250
205
195
259
226
210
206
235
233
240
206
241
220
223
220
236
209
190
216
267
233
252
222
265
258
212
225
